ObjectFall (300 Points)

  Testcase #0 ... (10, 20) 15
PASSED! (0.000 seconds)
  Testcase #1 ... (10, 20) 15
(20, 50) 20
PASSED! (0.000 seconds)
  Testcase #2 ... (1, 100) 50
(100, 100) 100
(100, 200) 100
PASSED! (0.000 seconds)
  Testcase #3 ... PASSED! (0.000 seconds)
  Testcase #4 ... (1, 500) 500
(501, 999) 500
(1, 499) 500
PASSED! (0.000 seconds)
  Testcase #5 ... (150, 938) 645
(244, 250) 938
(948, 988) 938
(38, 799) 938
(804, 885) 938
(47, 982) 938
(35, 433) 982
(150, 410) 982
(115, 474) 982
(723, 742) 982
(405, 615) 982
(51, 551) 982
(143, 617) 982
(151, 223) 982
(194, 345) 982
(100, 121) 982
(593, 921) 982
(31, 765) 982
(315, 676) 982
(26, 813) 982
(114, 664) 982
(741, 864) 982
(428, 469) 982
(235, 339) 982
(307, 545) 982
(746, 943) 982
(561, 875) 982
(125, 992) 982
(230, 680) 992
(265, 637) 992
(212, 659) 992
(117, 401) 992
(854, 895) 992
(378, 836) 992
PASSED! (0.000 seconds)

Passed : 6 / 6 cases
Time   : 20 minutes 5 secs
Score  : 212.28 points
